@relation StockPrediction

@attribute date date yyyy-MM-dd
@attribute positives numeric
@attribute neutrals numeric
@attribute negatives numeric
@attribute total_tweets numeric
@attribute total_articles numeric
@attribute volume numeric
@attribute low_price numeric
@attribute high_price numeric
@attribute open_price numeric
@attribute close_price numeric
@attribute price_change numeric

@data
2019-05-09,0,0,1,0,1,5308300,1876,1909.400024,1900,1899.869995,-0.520563
2019-05-10,0,0,2,0,2,5718000,1856,1903.790039,1898,1889.97998,-3.56088
2019-05-13,0,6,7,0,13,5783400,1818,1846.540039,1836.560059,1822.680054,0.95683
2019-05-14,0,5,7,0,12,4629100,1815.75,1852.439941,1839.5,1840.119995,1.686305
2019-05-15,0,4,7,0,11,4692600,1823,1874.430054,1827.949951,1871.150024,1.946392
2019-05-16,0,5,5,0,10,4707800,1882.290039,1917.51001,1885.939941,1907.569946,-2.021941
2019-05-17,0,2,2,0,4,4736600,1867.329956,1910.530029,1893.050049,1869,-0.536652
2019-05-20,0,7,2,0,9,3798200,1835.540039,1867.780029,1852.689941,1858.969971,-0.077998
2019-05-21,0,5,0,0,5,4005100,1846,1879,1874.790039,1857.52002,0.116286
2019-05-22,0,5,1,0,6,2936600,1851,1871.48999,1851.780029,1859.680054,-2.376757
2019-05-23,1,3,3,0,7,4424300,1804.199951,1844,1836.589966,1815.47998,0