@relation StockPrediction

@attribute date date yyyy-MM-dd
@attribute positives numeric
@attribute neutrals numeric
@attribute negatives numeric
@attribute total_tweets numeric
@attribute total_articles numeric
@attribute volume numeric
@attribute low_price numeric
@attribute high_price numeric
@attribute open_price numeric
@attribute close_price numeric
@attribute price_change numeric

@data
2019-04-29,5,14,25,0,44,16324200,129.350006,130.179993,129.899994,129.770004,0.639595
2019-04-30,11,63,84,0,158,24166500,129.389999,130.699997,129.809998,130.600006,-2.082702
2019-05-01,15,107,124,0,246,26821700,127.699997,130.649994,130.529999,127.879997,-1.30591
2019-05-02,21,156,180,0,357,27350200,125.519997,128,127.980003,126.209999,2.131364
2019-05-03,33,209,228,0,470,24911100,127.25,129.429993,127.360001,128.899994,-0.581846
2019-05-06,105,679,690,0,1474,24239800,126.110001,128.559998,126.389999,128.149994,-2.05228
2019-05-07,37,222,244,0,503,36017700,124.220001,127.18,126.459999,125.519997,-0.007962
2019-05-08,34,209,229,0,472,28419000,124.75,126.370003,125.440002,125.510002,-0.007969
2019-05-09,38,231,239,0,508,27235800,123.57,125.790001,124.290001,125.5,1.298803
2019-05-10,41,237,273,0,551,30915100,123.82,127.93,124.910004,127.129997,-2.973333
2019-05-13,108,605,753,0,1466,33944900,123.040001,125.550003,124.110001,123.349998,1.118772
2019-05-14,34,182,272,0,488,25266300,123.699997,125.879997,123.870003,124.730003,1.034229
2019-05-15,36,183,263,0,482,24722700,123.699997,126.709999,124.260002,126.019997,2.309154
2019-05-16,35,196,271,0,502,30112200,126.459999,129.380005,126.75,128.929993,-0.667017
2019-05-17,55,210,285,0,550,25770500,127.919998,130.460007,128.309998,128.070007,-1.444527
2019-05-20,161,617,805,100,1483,23706900,125.760002,127.589996,126.519997,126.220001,0.538742
2019-05-21,64,258,375,196,501,15293300,126.580002,127.529999,127.43,126.900002,0.606774
2019-05-22,59,283,410,285,467,15396500,126.519997,128.240005,126.620003,127.669998,-1.16707
2019-05-23,76,330,475,381,500,23603800,124.739998,126.290001,126.199997,126.18,0.047549
2019-05-24,91,388,551,474,556,14123400,125.970001,127.419998,126.910004,126.239998,0