@relation StockPrediction

@attribute date date yyyy-MM-dd
@attribute positives numeric
@attribute neutrals numeric
@attribute negatives numeric
@attribute total_tweets numeric
@attribute total_articles numeric
@attribute volume numeric
@attribute low_price numeric
@attribute high_price numeric
@attribute open_price numeric
@attribute close_price numeric
@attribute price_change numeric

@data
2019-04-29,5,14,14,0,33,3821700,369.119995,374.579987,373.679993,371.829987,-0.346927
2019-04-30,8,76,62,0,146,3870100,368.350006,374.5,369.559998,370.540009,2.231875
2019-05-01,17,131,85,0,233,9257300,373.170013,385.98999,374,378.809998,0.065996
2019-05-02,19,184,121,0,324,5398200,374.51001,383.5,378,379.059998,1.574949
2019-05-03,27,241,157,0,425,5130300,378.269989,385.029999,381.529999,385.029999,-1.651816
2019-05-06,79,588,456,0,1123,5793100,376,381.350006,377.690002,378.670013,-2.16812
2019-05-07,28,147,158,0,333,6974900,365.809998,379.910004,377,370.459991,-1.643901
2019-05-08,20,124,164,0,308,6572000,361.359985,369,367.920013,364.369995,-0.444602
2019-05-09,18,164,176,0,358,5882600,352.75,364.200012,360.899994,362.75,-0.471397
2019-05-10,12,208,202,0,422,5657100,353.059998,365.26001,361.619995,361.040009,-4.370706
2019-05-13,24,506,538,0,1068,8026700,343.100006,354.26001,352.290009,345.26001,0.101366
2019-05-14,6,175,167,0,348,5353000,342.5,349.950012,348.709991,345.609985,2.714043
2019-05-15,10,190,164,0,364,6340100,341.390015,356.5,343.339996,354.98999,1.216938
2019-05-16,8,206,160,0,374,6441500,353.940002,364,356.369995,359.309998,-1.352588
2019-05-17,16,234,156,0,406,4725400,353.790009,359.619995,356.390015,354.450012,-1.788694
2019-05-20,40,449,322,7,804,4621500,345.399994,352.420013,351.230011,348.109985,1.769557
2019-05-21,13,129,124,8,258,4026400,349.929993,356.429993,350.950012,354.269989,1.541204
2019-05-22,8,120,139,13,254,6229400,357.299988,370.459991,358.01001,359.730011,-2.090462
2019-05-23,14,145,157,14,302,5630400,347.700012,357.420013,355.5,352.209991,0.618956
2019-05-24,14,182,232,14,414,3831000,353.790009,359.440002,355.410004,354.390015,0