@relation StockPrediction

@attribute date date yyyy-MM-dd
@attribute positives numeric
@attribute neutrals numeric
@attribute negatives numeric
@attribute total_tweets numeric
@attribute total_articles numeric
@attribute volume numeric
@attribute low_price numeric
@attribute high_price numeric
@attribute open_price numeric
@attribute close_price numeric
@attribute price_change numeric

@data
2019-04-29,1,10,4,0,15,4021300,1934.089966,1956.339966,1949,1938.430054,-0.614417
2019-04-30,3,11,13,0,27,3506000,1906.949951,1935.709961,1930.099976,1926.52002,-0.778606
2019-05-01,5,17,29,0,51,3117000,1910.550049,1943.640015,1933.089966,1911.52002,-0.559768
2019-05-02,7,13,35,0,55,3962900,1881.869995,1921.550049,1913.329956,1900.819946,3.242812
2019-05-03,6,12,32,0,50,6381600,1936,1964.400024,1949,1962.459961,-0.606887
2019-05-06,5,25,50,0,80,5417800,1910.5,1959,1917.97998,1950.550049,-1.51496
2019-05-07,2,15,26,0,43,5902100,1903.380005,1949.099976,1939.98999,1921,-0.168141
2019-05-08,3,14,32,0,49,4078600,1910,1935.369995,1918.869995,1917.77002,-0.933377
2019-05-09,5,13,28,0,46,5308300,1876,1909.400024,1900,1899.869995,-0.520563
2019-05-10,6,8,32,0,46,5718000,1856,1903.790039,1898,1889.97998,-3.56088
2019-05-13,11,25,78,0,114,5783400,1818,1846.540039,1836.560059,1822.680054,0.95683
2019-05-14,1,12,34,0,47,4629100,1815.75,1852.439941,1839.5,1840.119995,1.686305
2019-05-15,1,12,37,0,50,4692600,1823,1874.430054,1827.949951,1871.150024,1.946392
2019-05-16,1,14,27,0,42,4707800,1882.290039,1917.51001,1885.939941,1907.569946,-2.021941
2019-05-17,4,16,29,0,49,4736600,1867.329956,1910.530029,1893.050049,1869,-0.536652
2019-05-20,9,26,52,0,87,3798200,1835.540039,1867.780029,1852.689941,1858.969971,-0.077998
2019-05-21,3,7,16,0,26,4005100,1846,1879,1874.790039,1857.52002,0.116286
2019-05-22,8,22,64,39,55,2936600,1851,1871.48999,1851.780029,1859.680054,-2.376757
2019-05-23,10,21,70,39,62,4424300,1804.199951,1844,1836.589966,1815.47998,0.429641
2019-05-24,8,19,67,39,55,3369700,1817.849976,1841.76001,1835.890015,1823.280029,0