@relation StockPrediction

@attribute date date yyyy-MM-dd
@attribute positives numeric
@attribute neutrals numeric
@attribute negatives numeric
@attribute total_tweets numeric
@attribute total_articles numeric
@attribute volume numeric
@attribute low_price numeric
@attribute high_price numeric
@attribute open_price numeric
@attribute close_price numeric
@attribute price_change numeric

@data
2019-04-29,0,5,5,0,10,3618400,1271.709961,1296.969971,1280.51001,1296.199951,-7.501928
2019-04-30,0,8,5,0,13,6658900,1183,1200.97998,1190.630005,1198.959961,-2.138521
2019-05-01,2,8,9,0,19,3717000,1171.680054,1199.25,1197.5,1173.319946,-0.580399
2019-05-02,2,6,8,0,16,2254900,1158.329956,1179.380005,1172.599976,1166.51001,1.975126
2019-05-03,2,4,11,0,17,2079400,1173.550049,1191.400024,1177.410034,1189.550049,0.328688
2019-05-06,1,8,18,0,27,1588700,1171.160034,1195.430054,1172,1193.459961,-1.223332
2019-05-07,1,6,13,0,20,1830200,1165,1194.77002,1185.810059,1178.859985,-0.685404
2019-05-08,3,9,16,0,28,1276000,1167.630005,1184.27002,1177.290039,1170.780029,-0.240016
2019-05-09,2,11,20,0,33,1477800,1154.640015,1174.069946,1162.599976,1167.969971,-0.02825
2019-05-10,2,7,17,0,26,1582500,1146.369995,1176.280029,1168.839966,1167.640015,-2.659214
2019-05-13,0,11,27,0,38,2281300,1125.5,1151.969971,1145.23999,1136.589966,-1.032033
2019-05-14,0,2,10,0,12,2019600,1123.530029,1144.869995,1142.319946,1124.859985,4.084069
2019-05-15,0,4,17,0,21,2965100,1121.400024,1178.300049,1122.550049,1170.800049,1.170136
2019-05-16,0,5,14,0,19,1765400,1168.449951,1194.160034,1171.839966,1184.5,-1.32714
2019-05-17,0,7,12,0,19,1268100,1166.420044,1186.290039,1175.829956,1168.780029,-2.06369
2019-05-20,0,21,16,0,37,1530100,1138.140015,1153,1153,1144.660034,0.854394
2019-05-21,0,4,11,0,15,1028100,1143.310059,1158,1154.47998,1154.439941,0.12214
2019-05-22,0,8,11,0,19,941300,1151,1163.780029,1151.25,1155.849976,-0.909288
2019-05-23,6,21,30,26,31,1260700,1133.160034,1150.050049,1146.069946,1145.339966,-0.587597
2019-05-24,6,20,28,26,28,927700,1136.709961,1154.359985,1152,1138.609985,0