@relation StockPrediction

@attribute date date yyyy-MM-dd
@attribute positives numeric
@attribute neutrals numeric
@attribute negatives numeric
@attribute total_tweets numeric
@attribute total_articles numeric
@attribute volume numeric
@attribute low_price numeric
@attribute high_price numeric
@attribute open_price numeric
@attribute close_price numeric
@attribute price_change numeric

@data
2019-04-29,4,19,22,0,45,22204700,203.860001,205.970001,204.399994,204.610001,-1.925616
2019-04-30,7,70,76,0,153,46534900,199.110001,203.399994,203.059998,200.669998,4.908559
2019-05-01,15,103,125,0,243,64827300,209.229996,215.309998,209.880005,210.520004,-0.650774
2019-05-02,26,133,191,0,350,31996300,208.130005,212.649994,209.839996,209.149994,1.24313
2019-05-03,39,170,268,0,477,20892400,210.229996,211.839996,210.889999,211.75,-1.544276
2019-05-06,128,528,827,0,1483,32443100,203.5,208.839996,204.289993,208.479996,-2.6957
2019-05-07,36,191,275,0,502,38763700,200.830002,207.419998,205.880005,202.860001,0.019715
2019-05-08,34,191,250,0,475,26339500,201.75,205.339996,201.899994,202.899994,-1.074417
2019-05-09,35,179,285,0,499,34908600,196.660004,201.679993,200.399994,200.720001,-1.763655
2019-05-10,42,193,308,0,543,41208700,192.770004,198.850006,197.419998,197.179993,-5.811944
2019-05-13,117,523,834,0,1474,57430600,182.850006,189.479996,187.710007,185.720001,1.58303
2019-05-14,36,190,271,0,497,36529700,185.410004,189.699997,186.410004,188.660004,1.197919
2019-05-15,29,163,241,0,433,26544700,186.020004,191.75,186.270004,190.919998,-0.439973
2019-05-16,22,127,191,0,340,33031400,188.839996,192.470001,189.910004,190.080002,-0.568183
2019-05-17,19,106,160,0,285,32879100,186.759995,190.899994,186.929993,189,-3.126986
2019-05-20,22,108,168,97,201,38612300,180.279999,184.350006,183.520004,183.089996,1.917095
2019-05-21,15,71,104,190,0,28364800,184.699997,188,185.220001,186.600006,-2.047164
2019-05-22,20,105,162,287,0,29748600,182.550003,185.710007,184.660004,182.779999,-1.706967
2019-05-23,28,137,206,371,0,36529700,177.809998,180.539993,179.800003,179.660004,-0.38406
2019-05-24,36,170,264,470,0,23714700,178.619995,182.139999,180.199997,178.970001,0